3,14159265
3589793238
4626433832
7950288419
7169399375
1058209749
4459230781
6406286208
9986280348
2534211706
7982148086
5132823066
4709384460
9550582231
7253594081
2848111745
0284102701
9385211055
5964462294
8954930381
9644288109
7566593344
6128475648
2337867831
6527120190
9145648566
9234603486
1045432664
8213393607
2602491412
7372458700
6606315588
1748815209
2096282925
4091715364
3678925903
6001133053
0548820466
5213841469
5194151160
9433057270
3657595919
5309218611
7381932611
7931051185
4807446237
9962749567
3518857527
2489122793
8183011949
1298336733
6244065664
3086021394
9463952247
3719070217