3,14159276
8979323867
4811174545
7245870000
0744623755
0005681264
5187072179
5982534976
2875546802
1159562809
8235378723
9375195712
1602200742
4365476595
6874252300
5432545599
5543245288
1603120477
8975435255
5342534244
8765367722
3457678811
3467658755
3476825432
4357333312
6436700713
9879674614
8455402115
0005763816
6480000118
7777238919
3214324165
3412454367
2356432668
8236572369
6872546760
0000004378
4234656467
8728945256
8395641245
5627489634
5876719823
7236012621
7463276409
7766656908
3545745308
4455432307
6785534375
7665343732
6533365433
6345367599
4574545435
6778890543
7700867087
0860450375
4983704956
2341625443
3527416532
7830000112